166.97768565089444	0.7443861188181878	25.56138811818122	451.1227762363624	74.43861188181877
170.7103370725009	0.7524652403148492	24.753475968515076	449.5069519370302	75.24652403148492
141.1748149924851	0.6777835803673958	32.22164196326042	464.4432839265208	67.77835803673959
146.62865320173697	0.6935960438688951	30.640395613110503	461.28079122622097	69.3596043868895
164.66542686582775	0.7392038930211653	26.07961069788347	452.15922139576696	73.92038930211652
157.4333962712354	0.7220664949725979	27.793350502740218	455.5867010054804	72.20664949725979
151.62368871370856	0.7072091344597675	29.279086554023255	458.5581731080465	70.72091344597675
147.27456537295706	0.6954019527084673	30.45980472915328	460.9196094583066	69.54019527084672
137.14474022916696	0.6654233181951881	33.45766818048119	466.9153363609624	66.54233181951881
189.35825505342473	0.7880648002982322	21.19351997017678	442.38703994035353	78.80648002982322
132.77732180435754	0.6513427410483142	34.86572589516858	469.7314517903372	65.13427410483142
130.92990458973856	0.6451631959350691	35.4836804064931	470.9673608129862	64.51631959350689
159.93706023045408	0.728163577885696	27.1836422114304	454.3672844228608	72.81635778856959
170.29074056267189	0.7515742650568742	24.842573494312592	449.68514698862515	75.15742650568741
141.34113489303004	0.6782810776183275	32.17189223816726	464.3437844763345	67.82810776183274
145.310682951371	0.689867993116359	31.013200688364083	462.0264013767282	68.98679931163592
109.81859189680561	0.564112628197815	43.588737180218494	487.177474360437	56.411262819781506
87.9801817335015	0.4573024770747541	54.269752292524586	508.5395045850492	45.730247707475414
206.9058208196131	0.8154659734036598	18.45340265963401	436.906805319268	81.54659734036599
155.4923366885635	0.7172149389894223	28.278506101057758	456.5570122021155	71.72149389894224
147.0715617316766	0.6948358611414971	30.516413885850294	461.0328277717006	69.4835861141497
134.96866014536542	0.6584989847078891	34.15010152921107	468.30020305842214	65.84989847078893
178.55691097353298	0.7683630464253802	23.163695357461982	446.327390714924	76.83630464253802
147.7845920449882	0.6968182157133825	30.318178428661753	460.6363568573235	69.68182157133825
156.98665630224747	0.7209596582363299	27.904034176367013	455.80806835273404	72.095965823633
152.78554195228793	0.7102621423642104	28.973785763578963	457.94757152715795	71.02621423642103
141.0529121332419	0.6774183190713241	32.258168092867585	464.51633618573516	67.74183190713242
161.8428580537333	0.7326866629152023	26.731333708479756	453.4626674169595	73.26866629152023
157.50584822559924	0.722245455651714	27.775454434828603	455.55090886965723	72.2245455651714
130.9330735083144	0.645173912348431	35.482608765156904	470.9652175303138	64.5173912348431
185.57621451660793	0.781435543121883	21.8564456878117	443.71289137562337	78.1435543121883
160.20967042404268	0.7288167498324752	27.118325016752472	454.23665003350493	72.88167498324752
164.71553451506162	0.7393176714445675	26.068232855543243	452.1364657110865	73.93176714445676
142.5930575722731	0.6819944712474874	31.80055287525127	463.60110575050254	68.19944712474873
167.2777683527562	0.7450485599320513	25.495144006794874	450.99028801358975	74.50485599320513
162.67184085105686	0.7346229866811169	26.537701331888314	453.07540266377663	73.46229866811169
148.57675309752605	0.6990010476971151	30.09989523028849	460.199790460577	69.9001047697115
105.72440886569652	0.5459702209465139	45.40297790534861	490.80595581069724	54.59702209465139
189.76556300768522	0.7887622737979938	21.12377262020062	442.2475452404012	78.87622737979939
184.92653618499355	0.7802683889634333	21.97316110365666	443.94632220731336	78.02683889634334
162.0389009881063	0.7331462645957081	26.685373540429186	453.3707470808584	73.3146264595708
141.95142117760076	0.6800981754777589	31.99018245222411	463.9803649044482	68.0098175477759
156.1585658252066	0.718892600506958	28.110739949304204	456.2214798986084	71.8892600506958
145.53028169217444	0.6904932055068126	30.950679449318738	461.9013588986375	69.04932055068126
113.05298187695331	0.5778592009233493	42.21407990766507	484.4281598153301	57.78592009233493
145.36439545667525	0.6900210665852159	30.997893341478417	461.9957866829568	69.00210665852158
181.7430922758813	0.7744249175632774	22.55750824367226	445.1150164873445	77.44249175632774
145.93740339168798	0.6916480131503896	30.835198684961032	461.67039736992206	69.16480131503896
148.32033236795147	0.6982967071706395	30.17032928293603	460.3406585658721	69.82967071706396
164.43204966479473	0.7386730962305808	26.13269037694193	452.26538075388385	73.86730962305808
172.28287727691355	0.7557664808610236	24.423351913897648	448.8467038277953	75.57664808610235
92.63774141816234	0.48218690440741885	51.78130955925811	503.56261911851624	48.21869044074189
120.67435619327897	0.6082877167273536	39.171228327264636	478.34245665452926	60.828771672735364
128.00211252086788	0.635088039621694	36.4911960378306	472.9823920756612	63.5088039621694
137.64893350489234	0.6670022745360261	33.299772546397385	466.59954509279476	66.70022745360262
162.79898255780395	0.7349183138692492	26.508168613075078	453.01633722615014	73.49183138692491
131.0324754226269	0.6455098577717223	35.44901422282776	470.89802844565554	64.55098577717224
130.80100401242353	0.6447269476623193	35.52730523376806	471.0546104675361	64.47269476623192
149.2424205919858	0.7008195788871541	29.91804211128459	459.8360842225692	70.08195788871541
117.01912012379334	0.5940308317148009	40.59691682851991	481.1938336570398	59.40308317148009
137.9348965570235	0.667893613742563	33.2106386257437	466.4212772514874	66.78936137425629
121.06127830070453	0.6097614484536135	39.023855154638646	478.0477103092773	60.976144845361354
144.64623940477912	0.6879663361083507	31.20336638916493	462.40673277832985	68.79663361083507
115.7017217489728	0.5887415279115081	41.12584720884919	482.2516944176984	58.87415279115081
111.5485774884788	0.5715286669132749	42.84713330867251	485.694266617345	57.15286669132749
119.31446431317032	0.6030546853998844	39.69453146001157	479.38906292002315	60.30546853998843
101.03806099399662	0.524158467167397	47.58415328326031	495.1683065665206	52.41584671673969
138.17171680299504	0.6686294861077029	33.13705138922972	466.27410277845945	66.86294861077029
183.46877860090794	0.7776184358647763	22.238156413522358	444.4763128270447	77.76184358647764
170.19542884281364	0.7513712799313927	24.862872006860727	449.72574401372145	75.13712799313927
123.72693320809	0.619734329173441	38.02656708265591	476.0531341653118	61.97343291734409
170.40437053924612	0.751815972209421	24.818402779057912	449.6368055581158	75.1815972209421
153.81251793480862	0.7129261695583677	28.707383044163233	457.4147660883265	71.29261695583678
141.74767725815903	0.6794930015025964	32.050699849740354	464.10139969948074	67.94930015025965
186.1078610007624	0.7823843722497346	21.76156277502653	443.52312555005307	78.23843722497347
138.92889202451016	0.6709684097304319	32.9031590269568	465.8063180539136	67.0968409730432
177.42159692423112	0.7661497410040538	23.385025899594634	446.7700517991893	76.61497410040536
143.723513416537	0.685300493041936	31.4699506958064	462.9399013916128	68.5300493041936
157.30732986032552	0.7217547413141596	27.824525868584022	455.64905173716807	72.17547413141597
63.31583672761141	0.30771685309621394	69.22831469037861	538.4566293807572	30.771685309621393
136.78922699913025	0.6643042729463658	33.569572705363406	467.1391454107268	66.43042729463659
152.93678826079753	0.710656507992485	28.934349200751498	457.86869840150297	71.0656507992485
202.58904405931798	0.8092004158050253	19.07995841949746	438.1599168389949	80.92004158050254
188.07136645063926	0.7858403257042655	21.41596742957345	442.8319348591469	78.58403257042656
97.28870603065977	0.5058856971183373	49.41143028816627	498.8228605763326	50.58856971183373
163.91853493856016	0.7375000779198361	26.24999220801639	452.49998441603276	73.75000779198362
135.77863885323745	0.6610973042385578	33.89026957614423	467.78053915228844	66.10973042385578
138.07650362249896	0.6683338788291362	33.166612117086366	466.33322423417275	66.83338788291363
154.36484920744587	0.7143456887673636	28.565431123263647	457.13086224652733	71.43456887673635
112.05987084693399	0.5736924802444134	42.63075197555866	485.26150395111733	57.36924802444134
161.0393233088901	0.7307918571916083	26.920814280839164	453.84162856167836	73.07918571916083
191.9223425710526	0.7924036424980365	20.75963575019635	441.5192715003927	79.24036424980365
155.96202925509292	0.7183990562145384	28.16009437854617	456.32018875709235	71.83990562145384
207.8448130329902	0.8167910104306773	18.320898956932268	436.64179791386454	81.67910104306773
147.95372621546025	0.6972859905340845	30.271400946591562	460.54280189318314	69.72859905340844
183.44488816863182	0.7775746457307813	22.242535426921865	444.48507085384375	77.75746457307814
180.49077568768794	0.7720682837530077	22.793171624699227	445.58634324939845	77.20682837530077
119.45328928505313	0.6035927314484706	39.640726855152934	479.28145371030587	60.359273144847066
156.42286193363643	0.7195545116206019	28.044548837939796	456.0890976758796	71.9554511620602
169.99277505672694	0.7509389489731193	24.906105102688073	449.8122102053761	75.09389489731193
132.92920853139097	0.6518447897773002	34.81552102226997	469.63104204454	65.18447897773002
153.91206724426996	0.7131826979561241	28.681730204387584	457.36346040877515	71.31826979561241
153.51784055539335	0.7121650528298189	28.78349471701811	457.56698943403626	71.21650528298188
146.8347076532533	0.6941736531658093	30.58263468341908	461.1652693668382	69.41736531658091
120.77557366833057	0.6086738866867054	39.13261133132946	478.2652226626589	60.86738866867054
165.85168332524998	0.7418798491326163	25.812015086738374	451.62403017347674	74.18798491326163
125.03225965353863	0.6245047773445231	37.54952226554769	475.0990445310954	62.45047773445231
175.72802979700708	0.7627946607385755	23.72053392614245	447.4410678522849	76.27946607385755
121.06218587318905	0.6097648974031585	39.023510259684144	478.0470205193683	60.976489740315856
163.34010734170954	0.7361703777992068	26.38296222007932	452.76592444015864	73.61703777992066
142.28954693669547	0.6810992743999099	31.89007256000901	463.780145120018	68.10992743999098
174.64646818308103	0.7606179368559363	23.93820631440637	447.8764126288127	76.06179368559363
120.27947177153841	0.6067767404266229	39.32232595733772	478.6446519146754	60.67767404266228
167.00428738265973	0.744444935701005	25.5555064298995	451.111012859799	74.44449357010049
150.0508926294537	0.7030090869433976	29.699091305660247	459.3981826113205	70.30090869433975
138.04653659343617	0.6682407712974014	33.17592287025986	466.3518457405197	66.82407712974015
123.59626483652556	0.6192527298979388	38.074727010206125	476.14945402041224	61.925272989793875
128.93580213686113	0.6383391366685237	36.16608633314763	472.33217266629526	63.83391366685237
137.68515656577262	0.66711534850638	33.28846514936201	466.576930298724	66.71153485063799
153.7801499048156	0.7128426957166151	28.715730428338492	457.431460856677	71.2842695716615
108.96757461640723	0.5604104554717503	43.958954452824976	487.91790890564994	56.041045547175024
108.75886947255835	0.5594970452222608	44.050295477773915	488.10059095554783	55.949704522226085
141.7271523955579	0.6794319559554035	32.05680440445964	464.1136088089193	67.94319559554035
151.58491767640717	0.7071065330256839	29.289346697431608	458.5786933948632	70.71065330256839
152.96294714884823	0.7107246445025782	28.927535549742174	457.85507109948435	71.07246445025783
217.63823518738258	0.8298547928811207	17.014520711887922	434.0290414237759	82.98547928811207
132.7183088576692	0.6511474342358056	34.88525657641944	469.7705131528389	65.11474342358056
148.62254607418	0.6991266079874134	30.087339201258644	460.1746784025173	69.91266079874136
160.58485640210378	0.729712301430913	27.0287698569087	454.0575397138174	72.97123014309129
114.2201142651312	0.5826954723149024	41.730452768509764	483.4609055370195	58.269547231490236
138.76213823883364	0.6704551105832398	32.954488941676026	465.90897788335207	67.04551105832397
127.96749756447431	0.6349668177726295	36.50331822273705	473.0066364454741	63.49668177726295
176.93405871081364	0.7651904996556503	23.48095003443497	446.9619000688699	76.51904996556503
148.46297145949416	0.6986887740430286	30.131122595697132	460.26224519139424	69.86887740430286
116.79497234286927	0.5931366011967802	40.68633988032198	481.37267976064396	59.31366011967802
126.02161985784336	0.6280718089027966	37.19281910972034	474.3856382194407	62.80718089027966
155.3750084207449	0.7169181282820818	28.308187171791822	456.61637434358363	71.69181282820817
145.48430474321427	0.6903624406727343	30.96375593272657	461.92751186545314	69.03624406727343
98.44587689300496	0.511604052206949	48.839594779305095	497.6791895586102	51.160405220694905
156.1735556043849	0.7189301962783546	28.106980372164532	456.2139607443291	71.89301962783547
193.42638497389706	0.7948922131340943	20.51077868659057	441.02155737318117	79.48922131340943
234.90854189302308	0.8499021382862181	15.009786171378197	430.0195723427564	84.9902138286218
165.9275896257753	0.7420498303024866	25.795016969751337	451.5900339395027	74.20498303024866
182.69707201479608	0.77619798033915	22.380201966084996	444.76040393217	77.619798033915
153.6901069105676	0.712610316767894	28.73896832321061	457.4779366464212	71.26103167678939
160.08483381322787	0.7285179002393847	27.148209976061548	454.2964199521231	72.85179002393846
178.5530682398229	0.7683556028915378	23.164439710846207	446.3288794216924	76.83556028915379
119.93686874699199	0.605460130092988	39.453986990701196	478.9079739814024	60.546013009298804
140.60786794613557	0.6760803204962333	32.391967950376674	464.7839359007533	67.60803204962333
140.91139111733955	0.6769936113849531	32.300638861504694	464.6012777230094	67.6993611384953
125.51165133316547	0.6262383819732485	37.37616180267514	474.7523236053503	62.62383819732486
130.99336721394172	0.6453777323245782	35.462226767542184	470.92445353508435	64.53777323245782
175.56635015942288	0.7624709704206177	23.752902957938236	447.50580591587646	76.24709704206177
129.1916646705227	0.6392237831766204	36.07762168233796	472.1552433646759	63.92237831766204
113.92680533243367	0.5814862074397094	41.85137925602906	483.7027585120581	58.14862074397094
117.15787525099383	0.5945832219747025	40.541677802529755	481.0833556050595	59.458322197470245
153.64035677096217	0.7124818182044784	28.75181817955215	457.5036363591043	71.24818182044784
182.8315637795194	0.7764464210757358	22.355357892426422	444.7107157848528	77.64464210757359
114.05361487202575	0.5820095256527164	41.79904743472836	483.5980948694567	58.20095256527164
132.87229106379962	0.65165676003354	34.834323996646	469.668647993292	65.165676003354
134.6405823135272	0.6574394087676518	34.25605912323482	468.51211824646964	65.74394087676518
190.1345082309814	0.7893913462862109	21.060865371378913	442.12173074275785	78.93913462862109
139.98545854031238	0.6741971800180603	32.58028199819399	465.16056399638796	67.41971800180602
144.36294155365206	0.6871509630836754	31.284903691632465	462.5698073832649	68.71509630836754
128.311201275801	0.6361682694987051	36.38317305012949	472.766346100259	63.61682694987051
165.91352687550616	0.742018350078054	25.798164992194614	451.59632998438923	74.20183500780539
138.8018992455007	0.6705775945986461	32.942240540135394	465.8844810802708	67.0577594598646
159.06326808807356	0.7260559090475459	27.394409095245422	454.7888181904908	72.60559090475458
123.90974711182473	0.6204068747839033	37.95931252160966	475.9186250432193	62.04068747839034
108.01514848460624	0.5562244717848903	44.37755282151097	488.7551056430219	55.62244717848903
150.3671003258006	0.7038597711858661	29.614022881413405	459.2280457628268	70.38597711858661
137.13427220055343	0.6653904356221042	33.460956437789584	466.92191287557915	66.53904356221042
154.6636267311702	0.7151097288645786	28.489027113542146	456.97805422708433	71.51097288645785
154.88186104591787	0.7156661093426342	28.433389065736563	456.86677813147315	71.56661093426342
142.11194430365882	0.6805739421175333	31.94260578824667	463.88521157649336	68.05739421175333
182.8023447723416	0.7763924779818498	22.360752201815014	444.72150440363004	77.63924779818498
150.8540278796423	0.7051635445413776	29.483645545862238	458.96729109172446	70.51635445413777
145.31710663822048	0.6898863048966547	31.01136951033453	462.02273902066906	68.98863048966547
131.10694665894917	0.6457612861593361	35.42387138406638	470.8477427681328	64.57612861593363
133.53461023617464	0.6538369152854459	34.61630847145542	469.23261694291085	65.38369152854459
162.65868502902887	0.7345924031495731	26.5407596850427	453.0815193700854	73.45924031495731
178.03595454066306	0.7673509717916317	23.26490282083683	446.52980564167365	76.73509717916316
147.0234838263045	0.6947015927870347	30.529840721296534	461.05968144259305	69.47015927870346
179.33964640323325	0.7698725099320566	23.012749006794326	446.0254980135887	76.98725099320566
175.73668862176055	0.7628119793184759	23.71880206815241	447.4376041363048	76.28119793184759
197.14759471786292	0.8008757225016261	19.912427749837388	439.8248554996748	80.08757225016261
199.18819511324443	0.8040552296844522	19.594477031554778	439.1889540631095	80.40552296844523
141.73615936604224	0.679458746538711	32.054125346128906	464.1082506922578	67.9458746538711
190.39437630422003	0.7898328975489527	21.016710245104722	442.03342049020944	78.98328975489527
139.28412769693048	0.6720585038299448	32.79414961700552	465.58829923401106	67.20585038299448
110.09993993723657	0.5653287034182094	43.46712965817907	486.9342593163581	56.53287034182093
125.10324032756594	0.6247620816366253	37.52379183633747	475.04758367267493	62.47620816366253
134.7791115096348	0.6578873138277515	34.21126861722486	468.42253723444975	65.78873138277514
105.18724391219303	0.543527246598941	45.6472753401059	491.2945506802118	54.3527246598941
121.38609152598167	0.6109934554296172	38.90065445703827	477.8013089140765	61.09934554296173
92.90190612634706	0.48356372860393115	51.643627139606885	503.28725427921376	48.356372860393115
97.2245664735332	0.5055666740058413	49.443332599415875	498.88666519883174	50.556667400584125
180.48336878955112	0.7720542461309606	22.79457538690393	445.58915077380783	77.20542461309607
144.44737590364593	0.6873942641846881	31.260573581531194	462.5211471630624	68.7394264184688
124.93920935567891	0.6241671438910065	37.58328561089935	475.16657122179873	62.41671438910065
137.4059909278341	0.6662426449730517	33.37573550269483	466.75147100538965	66.62426449730518
151.6169197152757	0.7071912247525639	29.280877524743605	458.5617550494872	70.7191224752564
172.69091744199415	0.7566134052210989	24.33865947789013	448.67731895578027	75.66134052210988
168.02098458471428	0.7466793838120379	25.3320616187962	450.6641232375924	74.6679383812038
132.83589627659043	0.6515364613419568	34.84635386580434	469.69270773160866	65.15364613419567
144.0575999149029	0.6862690721963665	31.373092780363343	462.7461855607267	68.62690721963665
124.17785768306227	0.6213905945168705	37.860940548312946	475.7218810966259	62.139059451687054
104.9862456652478	0.5426093497534248	45.73906502465752	491.47813004931504	54.26093497534248
120.88844985095335	0.6091039966453551	39.08960033546449	478.179200670929	60.91039966453551
180.2895273873341	0.77168645880289	22.831354119710994	445.662708239422	77.168645880289
152.3175832515864	0.7090375095124447	29.096249048755524	458.192498097511	70.90375095124449
118.16003774324994	0.5985464443568264	40.14535556431737	480.2907111286347	59.85464443568263
181.51483534844814	0.7739978524972626	22.600214750273746	445.2004295005475	77.39978524972626
114.37109132684441	0.583316329030523	41.6683670969477	483.3367341938954	58.3316329030523
158.03355401786317	0.7235443504876907	27.645564951230924	455.2911299024619	72.35443504876906
161.81981785393006	0.7326325787144513	26.736742128554877	453.47348425710976	73.26325787144513
129.4989618121262	0.64028272333662	35.971727666338005	471.943455332676	64.028272333662
154.25737632047975	0.7140701999895779	28.59298000104221	457.1859600020844	71.4070199989578
184.5139382986277	0.779522739284714	22.04772607152859	444.0954521430572	77.95227392847141
141.08201112086826	0.6775055573236991	32.249444267630096	464.4988885352602	67.7505557323699
167.25442464136916	0.7449971103401215	25.50028896598786	451.0005779319757	74.49971103401214
165.886145141142	0.7419570398880204	25.804296011197955	451.6085920223959	74.19570398880205
125.01506658036516	0.6244424201444102	37.55575798555898	475.11151597111797	62.44424201444102
122.58157927895711	0.6154875912950504	38.45124087049496	476.9024817409899	61.54875912950504
162.70376562164347	0.7346971832093404	26.53028167906596	453.0605633581319	73.46971832093405
134.10789279769685	0.6557101845908979	34.428981540910215	468.8579630818204	65.5710184590898
176.85450308702835	0.7650334678770132	23.496653212298675	446.99330642459734	76.50334678770132
136.3995283968891	0.6630721772927941	33.69278227072059	467.38556454144117	66.3072177292794
156.94177578468853	0.720848142264014	27.9151857735986	455.8303715471972	72.0848142264014
170.55561963324774	0.7521372114739951	24.786278852600482	449.57255770520095	75.21372114739953
167.19053714407033	0.7448562312079214	25.514376879207866	451.0287537584157	74.48562312079214
151.9067651525552	0.7079568320612988	29.204316793870124	458.4086335877402	70.79568320612988
149.12092533649408	0.7004887335572045	29.951126644279537	459.90225328855905	70.04887335572046
172.8454394887794	0.7569330986846531	24.306690131534687	448.61338026306936	75.69330986846532
162.3845073970278	0.7339539521249312	26.604604787506876	453.20920957501374	73.39539521249313
157.4215723532385	0.7220372747674876	27.796272523251233	455.5925450465025	72.20372747674877
156.65992468217323	0.7201464757279424	27.985352427205754	455.9707048544115	72.01464757279425
153.7458613053627	0.712754234246316	28.7245765753684	457.4491531507368	71.27542342463161
118.30475065826198	0.5991149151675896	40.088508483241036	480.1770169664821	59.911491516758964
148.08286183380864	0.6976425117050946	30.235748829490547	460.4714976589811	69.76425117050945
130.1358564698364	0.6424651976867595	35.753480231324055	471.5069604626481	64.24651976867595
156.9064277974244	0.7207602707547693	27.923972924523067	455.84794584904614	72.07602707547693
132.2040222099547	0.6494395638514948	35.056043614850516	470.11208722970105	64.94395638514949
116.10882387965631	0.5903846868947475	40.96153131052524	481.92306262105046	59.03846868947476
140.07176190144338	0.6744591287937611	32.55408712062388	465.10817424124775	67.44591287937612
155.38208519882525	0.7169360423229243	28.30639576770756	456.6127915354151	71.69360423229243
128.56371699662122	0.6370478509061036	36.29521490938964	472.5904298187793	63.70478509061036
123.36107072506451	0.6183840121915775	38.161598780842255	476.32319756168454	61.838401219157745
148.6300546614573	0.6991471893830844	30.085281061691557	460.1705621233831	69.91471893830844
173.03244320829629	0.7573192390441994	24.26807609558007	448.5361521911601	75.73192390441993
