613.15	166.97768565089444	0.5363817280138361
613.15	170.7103370725009	0.5469961210256901
613.15	141.1748149924851	0.4553291030975879
613.15	146.62865320173697	0.4735931610140038
613.15	164.66542686582775	0.5296683062686411
613.15	157.4333962712354	0.507978989565336
613.15	151.62368871370856	0.4897866257123603
613.15	147.27456537295706	0.47571593509797544
613.15	137.14474022916696	0.44144435637404783
613.15	189.35825505342473	0.5960394150519458
613.15	132.77732180435754	0.4260293355148935
613.15	130.92990458973856	0.41939527944307087
613.15	159.93706023045408	0.515607050815821
613.15	170.29074056267189	0.5458165769149608
613.15	141.34113489303004	0.4558950515340063
613.15	145.310682951371	0.46923518315888224
613.15	109.81859189680561	0.3391450124209788
613.15	87.9801817335015	0.24969729854345107
613.15	206.9058208196131	0.6365322024575938
613.15	155.4923366885635	0.5019774218382022
613.15	147.0715617316766	0.47504968934597924
613.15	134.96866014536542	0.4338112343089351
613.15	178.55691097353298	0.56842718872155
613.15	147.7845920449882	0.4773860836346747
613.15	156.98665630224747	0.5066045059330565
613.15	152.78554195228793	0.4934799806983707
613.15	141.0529121332419	0.45491393851661777
613.15	161.8428580537333	0.5213285881503268
613.15	157.50584822559924	0.5082015199795772
613.15	130.9330735083144	0.41940671611973007
613.15	185.57621451660793	0.5866138571482928
613.15	160.20967042404268	0.5164299661525329
613.15	164.71553451506162	0.5298149170246588
613.15	142.5930575722731	0.4601369896663661
613.15	167.2777683527562	0.5372452103631138
613.15	162.67184085105686	0.5237945137403748
613.15	148.57675309752605	0.4799695495587074
613.15	105.72440886569652	0.32275128749846804
613.15	189.76556300768522	0.5970392216561531
613.15	184.92653618499355	0.5849687141101203
613.15	162.0389009881063	0.5219129923275767
613.15	141.95142117760076	0.45796689493956255
613.15	156.1585658252066	0.5040459841752573
613.15	145.53028169217444	0.46996377338734796
613.15	113.05298187695331	0.351926975817839
613.15	145.36439545667525	0.46941348302769625
613.15	181.7430922758813	0.5767956234628702
613.15	145.93740339168798	0.4713119209042688
613.15	148.32033236795147	0.4791346952247121
613.15	164.43204966479473	0.5289848040924332
613.15	172.28287727691355	0.5513862099276642
613.15	92.63774141816234	0.2690906940375264
613.15	120.67435619327897	0.38138544670414676
613.15	128.00211252086788	0.40874583397106473
613.15	137.64893350489234	0.4431993907761264
613.15	162.79898255780395	0.524171493782462
613.15	131.0324754226269	0.4197653598863735
613.15	130.80100401242353	0.41892990953413445
613.15	149.2424205919858	0.4821305388236659
613.15	117.01912012379334	0.36737804067683283
613.15	137.9348965570235	0.4441925197164432
613.15	121.06127830070453	0.38285458414187973
613.15	144.64623940477912	0.4670246669319065
613.15	115.7017217489728	0.3622740927021946
613.15	111.5485774884788	0.34600123397591975
613.15	119.31446431317032	0.3762010695310754
613.15	101.03806099399662	0.30372719231161793
613.15	138.17171680299504	0.44501373235940017
613.15	183.46877860090794	0.58124924903523
613.15	170.19542884281364	0.5455481626518547
613.15	123.72693320809	0.3929031312742932
613.15	170.40437053924612	0.5461363463590151
613.15	153.81251793480862	0.496721588564923
613.15	141.74767725815903	0.45727605338342253
613.15	186.1078610007624	0.5879544041777504
613.15	138.92889202451016	0.4476317677309899
613.15	177.42159692423112	0.5653992044498242
613.15	143.723513416537	0.46393990795711304
613.15	157.30732986032552	0.5075915323073543
613.15	63.31583672761141	0.14839814828482117
613.15	136.78922699913025	0.4402037883415928
613.15	152.93678826079753	0.49395873772737464
613.15	202.58904405931798	0.6270477300729106
613.15	188.07136645063926	0.5928610958108074
613.15	97.28870603065977	0.2883391283226782
613.15	163.91853493856016	0.527477020397707
613.15	135.77863885323745	0.4366634912387249
613.15	138.07650362249896	0.44468370105534016
613.15	154.36484920744587	0.49845608497521726
613.15	112.05987084693399	0.34801905382297227
613.15	161.0393233088901	0.5189251667740132
613.15	191.9223425710526	0.6022844824026845
613.15	155.96202925509292	0.5034367020098243
613.15	207.8448130329902	0.6385557238128505
613.15	147.95372621546025	0.47793875878377867
613.15	183.44488816863182	0.5811879679883178
613.15	180.49077568768794	0.5735290852423864
613.15	119.45328928505313	0.37673179797191464
613.15	156.42286193363643	0.5048640870596612
613.15	169.99277505672694	0.5449768637310212
613.15	132.92920853139097	0.4265717792556377
613.15	153.91206724426996	0.4970346655678632
613.15	153.51784055539335	0.49579365774090295
613.15	146.8347076532533	0.47427128188621814
613.15	120.77557366833057	0.38177002387654957
613.15	165.85168332524998	0.5331257641008919
613.15	125.03225965353863	0.39777650537424164
613.15	175.72802979700708	0.560836846386369
613.15	121.06218587318905	0.38285802706194094
613.15	163.34010734170954	0.5257723231277718
613.15	142.28954693669547	0.4591115241234188
613.15	174.64646818308103	0.5578945348219392
613.15	120.27947177153841	0.37988335007898233
613.15	167.00428738265973	0.5364583459993457
613.15	150.0508926294537	0.4847429086018538
613.15	138.04653659343617	0.44457979047349083
613.15	123.59626483652556	0.3924135614104875
613.15	128.93580213686113	0.4121599255350999
613.15	137.68515656577262	0.44332528189994475
613.15	153.7801499048156	0.49661974929912545
613.15	108.96757461640723	0.33575637289116894
613.15	108.75886947255835	0.3349237714086759
613.15	141.7271523955579	0.4572064121711209
613.15	151.58491767640717	0.48966290202308843
613.15	152.96294714884823	0.49404149394799557
613.15	217.63823518738258	0.6588468070905626
613.15	132.7183088576692	0.4258184558801506
613.15	148.62254607418	0.4801185004810219
613.15	160.58485640210378	0.517560067401236
613.15	114.2201142651312	0.356500076463719
613.15	138.76213823883364	0.44705618971925704
613.15	127.96749756447431	0.40861894194356896
613.15	176.93405871081364	0.5640914025887498
613.15	148.46297145949416	0.4795992657306731
613.15	116.79497234286927	0.36651166574461613
613.15	126.02161985784336	0.4014491822350397
613.15	155.3750084207449	0.5016121945306479
613.15	145.48430474321427	0.4698113115884573
613.15	98.44587689300496	0.2931023608503384
613.15	156.1735556043849	0.5040924216303759
613.15	193.42638497389706	0.6058939783117567
613.15	234.90854189302308	0.6912458785641913
613.15	165.9275896257753	0.5333460469412953
613.15	182.69707201479608	0.5792644399511236
613.15	153.6901069105676	0.4963363351498166
613.15	160.08483381322787	0.5160533142447323
613.15	178.5530682398229	0.5684169808808827
613.15	119.93686874699199	0.37857790585582984
613.15	140.60786794613557	0.4533956881869178
613.15	140.91139111733955	0.4544315815595583
613.15	125.51165133316547	0.39955837085109547
613.15	130.99336721394172	0.4196242797836887
613.15	175.56635015942288	0.560398432375034
613.15	129.1916646705227	0.41309258494649803
613.15	113.92680533243367	0.3553528412679352
613.15	117.15787525099383	0.3679139352248533
613.15	153.64035677096217	0.49617967340871283
613.15	182.8315637795194	0.5796111392763283
613.15	114.05361487202575	0.35584900573541683
613.15	132.87229106379962	0.42636855914544786
613.15	134.6405823135272	0.4326522223749024
613.15	190.1345082309814	0.5979423179933578
613.15	139.98545854031238	0.4512656203545224
613.15	144.36294155365206	0.46607942841598077
613.15	128.311201275801	0.4098778827817122
613.15	165.91352687550616	0.533305244971543
613.15	138.8018992455007	0.44719348294850425
613.15	159.06326808807356	0.5129592470857525
613.15	123.90974711182473	0.39358754768384296
613.15	108.01514848460624	0.3319518695331328
613.15	150.3671003258006	0.485761008608407
613.15	137.13427220055343	0.4414078643156802
613.15	154.6636267311702	0.4993917450037322
613.15	154.88186104591787	0.5000740220175713
613.15	142.11194430365882	0.45851059095729507
613.15	182.8023447723416	0.579535845506936
613.15	150.8540278796423	0.48732477226431475
613.15	145.31710663822048	0.4692565098396764
613.15	131.10694665894917	0.42003392719799193
613.15	133.53461023617464	0.4287293717900674
613.15	162.65868502902887	0.5237554877013137
613.15	178.03595454066306	0.5670407772645019
613.15	147.0234838263045	0.4748917769839866
613.15	179.33964640323325	0.5705006494956184
613.15	175.73668862176055	0.5608603117450679
613.15	197.14759471786292	0.6146562814926183
613.15	199.18819511324443	0.6193611511549498
613.15	141.73615936604224	0.4572369740328344
613.15	190.39437630422003	0.5985769698873203
613.15	139.28412769693048	0.4488560518506984
613.15	110.09993993723657	0.34026302413595744
613.15	125.10324032756594	0.3980406051956313
613.15	134.7791115096348	0.4331418704553862
613.15	105.18724391219303	0.3205839572657508
613.15	121.38609152598167	0.3840858436677067
613.15	92.90190612634706	0.27018774843851656
613.15	97.2245664735332	0.2880747752400073
613.15	180.48336878955112	0.5735096781575906
613.15	144.44737590364593	0.466361318717309
613.15	124.93920935567891	0.39743014879089156
613.15	137.4059909278341	0.44235437581878434
613.15	151.6169197152757	0.4897650271292607
613.15	172.69091744199415	0.5525174901206396
613.15	168.02098458471428	0.5393761362172059
613.15	132.83589627659043	0.4262385804749591
613.15	144.0575999149029	0.46505880002465416
613.15	124.17785768306227	0.39459018687654374
613.15	104.9862456652478	0.31977204895296274
613.15	120.88844985095335	0.3821986847480441
613.15	180.2895273873341	0.5730014227518221
613.15	152.3175832515864	0.49199573399538454
613.15	118.16003774324994	0.3717748143052045
613.15	181.51483534844814	0.5762024134939111
613.15	114.37109132684441	0.3570900682874614
613.15	158.03355401786317	0.5098191096353663
613.15	161.81981785393006	0.5212598545261692
613.15	129.4989618121262	0.41421106651843526
613.15	154.25737632047975	0.49811907411788214
613.15	184.5139382986277	0.583919919231536
613.15	141.08201112086826	0.455013068386385
613.15	167.25442464136916	0.5371781031880617
613.15	165.886145141142	0.5332257877350379
613.15	125.01506658036516	0.39771252053997985
613.15	122.58157927895711	0.38860128550529377
613.15	162.70376562164347	0.5238892024133676
613.15	134.10789279769685	0.4307658156043067
613.15	176.85450308702835	0.563877569332674
613.15	136.3995283968891	0.43884101704922895
613.15	156.94177578468853	0.5064661978413918
613.15	170.55561963324774	0.546561589240573
613.15	167.19053714407033	0.5369943879152328
613.15	151.9067651525552	0.49068902867049813
613.15	149.12092533649408	0.4817368002968701
613.15	172.8454394887794	0.5529450560741096
613.15	162.3845073970278	0.5229413636330497
613.15	157.4215723532385	0.5079426632169445
613.15	156.65992468217323	0.5055966818363774
613.15	153.7458613053627	0.49651184400931253
613.15	118.30475065826198	0.3723309198913865
613.15	148.08286183380864	0.4783603370696715
613.15	130.1358564698364	0.4165233943864863
613.15	156.9064277974244	0.5063572372639761
613.15	132.2040222099547	0.42397778051760515
613.15	116.10882387965631	0.36385437519364916
613.15	140.07176190144338	0.45156144501835865
613.15	155.38208519882525	0.5016342315555598
613.15	128.56371699662122	0.41080137341526257
613.15	123.36107072506451	0.39153158250191705
613.15	148.6300546614573	0.48014291958060645
613.15	173.03244320829629	0.5534618814308611
