583.15	166.97768565089444	0.7443861188181878
583.15	170.7103370725009	0.7524652403148492
583.15	141.1748149924851	0.6777835803673958
583.15	146.62865320173697	0.6935960438688951
583.15	164.66542686582775	0.7392038930211653
583.15	157.4333962712354	0.7220664949725979
583.15	151.62368871370856	0.7072091344597675
583.15	147.27456537295706	0.6954019527084673
583.15	137.14474022916696	0.6654233181951881
583.15	189.35825505342473	0.7880648002982322
583.15	132.77732180435754	0.6513427410483142
583.15	130.92990458973856	0.6451631959350691
583.15	159.93706023045408	0.728163577885696
583.15	170.29074056267189	0.7515742650568742
583.15	141.34113489303004	0.6782810776183275
583.15	145.310682951371	0.689867993116359
583.15	109.81859189680561	0.564112628197815
583.15	87.9801817335015	0.4573024770747541
583.15	206.9058208196131	0.8154659734036598
583.15	155.4923366885635	0.7172149389894223
583.15	147.0715617316766	0.6948358611414971
583.15	134.96866014536542	0.6584989847078891
583.15	178.55691097353298	0.7683630464253802
583.15	147.7845920449882	0.6968182157133825
583.15	156.98665630224747	0.7209596582363299
583.15	152.78554195228793	0.7102621423642104
583.15	141.0529121332419	0.6774183190713241
583.15	161.8428580537333	0.7326866629152023
583.15	157.50584822559924	0.722245455651714
583.15	130.9330735083144	0.645173912348431
583.15	185.57621451660793	0.781435543121883
583.15	160.20967042404268	0.7288167498324752
583.15	164.71553451506162	0.7393176714445675
583.15	142.5930575722731	0.6819944712474874
583.15	167.2777683527562	0.7450485599320513
583.15	162.67184085105686	0.7346229866811169
583.15	148.57675309752605	0.6990010476971151
583.15	105.72440886569652	0.5459702209465139
583.15	189.76556300768522	0.7887622737979938
583.15	184.92653618499355	0.7802683889634333
583.15	162.0389009881063	0.7331462645957081
583.15	141.95142117760076	0.6800981754777589
583.15	156.1585658252066	0.718892600506958
583.15	145.53028169217444	0.6904932055068126
583.15	113.05298187695331	0.5778592009233493
583.15	145.36439545667525	0.6900210665852159
583.15	181.7430922758813	0.7744249175632774
583.15	145.93740339168798	0.6916480131503896
583.15	148.32033236795147	0.6982967071706395
583.15	164.43204966479473	0.7386730962305808
583.15	172.28287727691355	0.7557664808610236
583.15	92.63774141816234	0.48218690440741885
583.15	120.67435619327897	0.6082877167273536
583.15	128.00211252086788	0.635088039621694
583.15	137.64893350489234	0.6670022745360261
583.15	162.79898255780395	0.7349183138692492
583.15	131.0324754226269	0.6455098577717223
583.15	130.80100401242353	0.6447269476623193
583.15	149.2424205919858	0.7008195788871541
583.15	117.01912012379334	0.5940308317148009
583.15	137.9348965570235	0.667893613742563
583.15	121.06127830070453	0.6097614484536135
583.15	144.64623940477912	0.6879663361083507
583.15	115.7017217489728	0.5887415279115081
583.15	111.5485774884788	0.5715286669132749
583.15	119.31446431317032	0.6030546853998844
583.15	101.03806099399662	0.524158467167397
583.15	138.17171680299504	0.6686294861077029
583.15	183.46877860090794	0.7776184358647763
583.15	170.19542884281364	0.7513712799313927
583.15	123.72693320809	0.619734329173441
583.15	170.40437053924612	0.751815972209421
583.15	153.81251793480862	0.7129261695583677
583.15	141.74767725815903	0.6794930015025964
583.15	186.1078610007624	0.7823843722497346
583.15	138.92889202451016	0.6709684097304319
583.15	177.42159692423112	0.7661497410040538
583.15	143.723513416537	0.685300493041936
583.15	157.30732986032552	0.7217547413141596
583.15	63.31583672761141	0.30771685309621394
583.15	136.78922699913025	0.6643042729463658
583.15	152.93678826079753	0.710656507992485
583.15	202.58904405931798	0.8092004158050253
583.15	188.07136645063926	0.7858403257042655
583.15	97.28870603065977	0.5058856971183373
583.15	163.91853493856016	0.7375000779198361
583.15	135.77863885323745	0.6610973042385578
583.15	138.07650362249896	0.6683338788291362
583.15	154.36484920744587	0.7143456887673636
583.15	112.05987084693399	0.5736924802444134
583.15	161.0393233088901	0.7307918571916083
583.15	191.9223425710526	0.7924036424980365
583.15	155.96202925509292	0.7183990562145384
583.15	207.8448130329902	0.8167910104306773
583.15	147.95372621546025	0.6972859905340845
583.15	183.44488816863182	0.7775746457307813
583.15	180.49077568768794	0.7720682837530077
583.15	119.45328928505313	0.6035927314484706
583.15	156.42286193363643	0.7195545116206019
583.15	169.99277505672694	0.7509389489731193
583.15	132.92920853139097	0.6518447897773002
583.15	153.91206724426996	0.7131826979561241
583.15	153.51784055539335	0.7121650528298189
583.15	146.8347076532533	0.6941736531658093
583.15	120.77557366833057	0.6086738866867054
583.15	165.85168332524998	0.7418798491326163
583.15	125.03225965353863	0.6245047773445231
583.15	175.72802979700708	0.7627946607385755
583.15	121.06218587318905	0.6097648974031585
583.15	163.34010734170954	0.7361703777992068
583.15	142.28954693669547	0.6810992743999099
583.15	174.64646818308103	0.7606179368559363
583.15	120.27947177153841	0.6067767404266229
583.15	167.00428738265973	0.744444935701005
583.15	150.0508926294537	0.7030090869433976
583.15	138.04653659343617	0.6682407712974014
583.15	123.59626483652556	0.6192527298979388
583.15	128.93580213686113	0.6383391366685237
583.15	137.68515656577262	0.66711534850638
583.15	153.7801499048156	0.7128426957166151
583.15	108.96757461640723	0.5604104554717503
583.15	108.75886947255835	0.5594970452222608
583.15	141.7271523955579	0.6794319559554035
583.15	151.58491767640717	0.7071065330256839
583.15	152.96294714884823	0.7107246445025782
583.15	217.63823518738258	0.8298547928811207
583.15	132.7183088576692	0.6511474342358056
583.15	148.62254607418	0.6991266079874134
583.15	160.58485640210378	0.729712301430913
583.15	114.2201142651312	0.5826954723149024
583.15	138.76213823883364	0.6704551105832398
583.15	127.96749756447431	0.6349668177726295
583.15	176.93405871081364	0.7651904996556503
583.15	148.46297145949416	0.6986887740430286
583.15	116.79497234286927	0.5931366011967802
583.15	126.02161985784336	0.6280718089027966
583.15	155.3750084207449	0.7169181282820818
583.15	145.48430474321427	0.6903624406727343
583.15	98.44587689300496	0.511604052206949
583.15	156.1735556043849	0.7189301962783546
583.15	193.42638497389706	0.7948922131340943
583.15	234.90854189302308	0.8499021382862181
583.15	165.9275896257753	0.7420498303024866
583.15	182.69707201479608	0.77619798033915
583.15	153.6901069105676	0.712610316767894
583.15	160.08483381322787	0.7285179002393847
583.15	178.5530682398229	0.7683556028915378
583.15	119.93686874699199	0.605460130092988
583.15	140.60786794613557	0.6760803204962333
583.15	140.91139111733955	0.6769936113849531
583.15	125.51165133316547	0.6262383819732485
583.15	130.99336721394172	0.6453777323245782
583.15	175.56635015942288	0.7624709704206177
583.15	129.1916646705227	0.6392237831766204
583.15	113.92680533243367	0.5814862074397094
583.15	117.15787525099383	0.5945832219747025
583.15	153.64035677096217	0.7124818182044784
583.15	182.8315637795194	0.7764464210757358
583.15	114.05361487202575	0.5820095256527164
583.15	132.87229106379962	0.65165676003354
583.15	134.6405823135272	0.6574394087676518
583.15	190.1345082309814	0.7893913462862109
583.15	139.98545854031238	0.6741971800180603
583.15	144.36294155365206	0.6871509630836754
583.15	128.311201275801	0.6361682694987051
583.15	165.91352687550616	0.742018350078054
583.15	138.8018992455007	0.6705775945986461
583.15	159.06326808807356	0.7260559090475459
583.15	123.90974711182473	0.6204068747839033
583.15	108.01514848460624	0.5562244717848903
583.15	150.3671003258006	0.7038597711858661
583.15	137.13427220055343	0.6653904356221042
583.15	154.6636267311702	0.7151097288645786
583.15	154.88186104591787	0.7156661093426342
583.15	142.11194430365882	0.6805739421175333
583.15	182.8023447723416	0.7763924779818498
583.15	150.8540278796423	0.7051635445413776
583.15	145.31710663822048	0.6898863048966547
583.15	131.10694665894917	0.6457612861593361
583.15	133.53461023617464	0.6538369152854459
583.15	162.65868502902887	0.7345924031495731
583.15	178.03595454066306	0.7673509717916317
583.15	147.0234838263045	0.6947015927870347
583.15	179.33964640323325	0.7698725099320566
583.15	175.73668862176055	0.7628119793184759
583.15	197.14759471786292	0.8008757225016261
583.15	199.18819511324443	0.8040552296844522
583.15	141.73615936604224	0.679458746538711
583.15	190.39437630422003	0.7898328975489527
583.15	139.28412769693048	0.6720585038299448
583.15	110.09993993723657	0.5653287034182094
583.15	125.10324032756594	0.6247620816366253
583.15	134.7791115096348	0.6578873138277515
583.15	105.18724391219303	0.543527246598941
583.15	121.38609152598167	0.6109934554296172
583.15	92.90190612634706	0.48356372860393115
583.15	97.2245664735332	0.5055666740058413
583.15	180.48336878955112	0.7720542461309606
583.15	144.44737590364593	0.6873942641846881
583.15	124.93920935567891	0.6241671438910065
583.15	137.4059909278341	0.6662426449730517
583.15	151.6169197152757	0.7071912247525639
583.15	172.69091744199415	0.7566134052210989
583.15	168.02098458471428	0.7466793838120379
583.15	132.83589627659043	0.6515364613419568
583.15	144.0575999149029	0.6862690721963665
583.15	124.17785768306227	0.6213905945168705
583.15	104.9862456652478	0.5426093497534248
583.15	120.88844985095335	0.6091039966453551
583.15	180.2895273873341	0.77168645880289
583.15	152.3175832515864	0.7090375095124447
583.15	118.16003774324994	0.5985464443568264
583.15	181.51483534844814	0.7739978524972626
583.15	114.37109132684441	0.583316329030523
583.15	158.03355401786317	0.7235443504876907
583.15	161.81981785393006	0.7326325787144513
583.15	129.4989618121262	0.64028272333662
583.15	154.25737632047975	0.7140701999895779
583.15	184.5139382986277	0.779522739284714
583.15	141.08201112086826	0.6775055573236991
583.15	167.25442464136916	0.7449971103401215
583.15	165.886145141142	0.7419570398880204
583.15	125.01506658036516	0.6244424201444102
583.15	122.58157927895711	0.6154875912950504
583.15	162.70376562164347	0.7346971832093404
583.15	134.10789279769685	0.6557101845908979
583.15	176.85450308702835	0.7650334678770132
583.15	136.3995283968891	0.6630721772927941
583.15	156.94177578468853	0.720848142264014
583.15	170.55561963324774	0.7521372114739951
583.15	167.19053714407033	0.7448562312079214
583.15	151.9067651525552	0.7079568320612988
583.15	149.12092533649408	0.7004887335572045
583.15	172.8454394887794	0.7569330986846531
583.15	162.3845073970278	0.7339539521249312
583.15	157.4215723532385	0.7220372747674876
583.15	156.65992468217323	0.7201464757279424
583.15	153.7458613053627	0.712754234246316
583.15	118.30475065826198	0.5991149151675896
583.15	148.08286183380864	0.6976425117050946
583.15	130.1358564698364	0.6424651976867595
583.15	156.9064277974244	0.7207602707547693
583.15	132.2040222099547	0.6494395638514948
583.15	116.10882387965631	0.5903846868947475
583.15	140.07176190144338	0.6744591287937611
583.15	155.38208519882525	0.7169360423229243
583.15	128.56371699662122	0.6370478509061036
583.15	123.36107072506451	0.6183840121915775
583.15	148.6300546614573	0.6991471893830844
583.15	173.03244320829629	0.7573192390441994
